PEPNR00000000002, [2015, 3292, 3719, 4835], 0.4795, 1
PEPNR00000000003, [1463, 2626, 3706, 6725], 0.4126, 1
PEPNR00000000004, [1506, 2809, 3612, 5566], 0.1813, 1
PEPNR00000000005, [2435, 4528, 3290, 3448], 0.1464, 1
PEPNR00000000006, [1954, 3334, 2976, 4033], 0.1674, 1
PEPNR00000000007, [1424, 2196, 2907, 4833], 0.2869, 1
PEPNR00000000008, [1362, 2108, 2549, 4332], 0.4452, 1
PEPNR00000000009, [1396, 2348, 2667, 4699], 0.1586, 1
PEPNR00000000010, [1135, 2032, 2401, 3547], 0.1423, 1
PEPNR00000000011, [1449, 2620, 2769, 3954], 0.2151, 1
PEPNR00000000012, [1131, 2142, 2757, 4529], 0.272, 1
PEPNR00000000013, [1099, 1612, 2029, 3136], 0.1446, 1
PEPNR00000000014, [1433, 2233, 2567, 3629], 0.2495, 1
PEPNR00000000015, [1814, 1718, 897, 799], 0.2178, 1
PEPNR00000000016, [1042, 1924, 2298, 3641], 0.2148, 1
PEPNR00000000017, [1126, 2001, 1971, 2482], 0.2336, 1
PEPNR00000000018, [998, 1672, 2046, 2911], 0.0844, 1
PEPNR00000000019, [1075, 1497, 1616, 2394], 0.1526, 1
PEPNR00000000020, [1124, 1766, 1425, 1669], 0.2106, 1
PEPNR00000000021, [1603, 2044, 1511, 1618], 0.2042, 1
PEPNR00000000022, [1651, 1707, 1201, 950], 0.5404, 1
PEPNR00000000023, [1435, 1965, 1754, 1769], 0.3445, 1
PEPNR00000000024, [832, 1499, 2244, 3924], 0.2335, 1
PEPNR00000000025, [1140, 1609, 1186, 1200], 0.1162, 1
PEPNR00000000026, [777, 1338, 1769, 2688], 0.0665, 1
PEPNR00000000027, [1457, 1579, 1027, 959], 0.2488, 1
PEPNR00000000028, [802, 1490, 1772, 2453], 0.151, 1
PEPNR00000000029, [837, 1720, 2111, 3839], 0.1336, 1
PEPNR00000000030, [1476, 330, 121, 84], 0.2995, 0
PEPNR00000000031, [875, 1651, 1947, 3454], 0.3856, 1
PEPNR00000000032, [816, 1592, 2303, 3677], 0.071, 1
PEPNR00000000033, [1167, 1779, 1097, 937], 0.1389, 1
PEPNR00000000034, [705, 917, 1107, 1610], 0.2475, 1
PEPNR00000000035, [1067, 1585, 1311, 1599], 0.23, 1
PEPNR00000000036, [731, 1412, 1628, 2347], 0.1505, 1
PEPNR00000000037, [849, 1542, 1950, 3855], 0.2378, 1
PEPNR00000000038, [1231, 1873, 1239, 1321], 0.3865, 1
PEPNR00000000039, [904, 1359, 1504, 1923], 0.2951, 1
PEPNR00000000040, [821, 1242, 1091, 1320], 0.1862, 1
PEPNR00000000041, [896, 1506, 1406, 2250], 0.2609, 1
PEPNR00000000042, [1051, 916, 658, 649], 0.0723, 1
PEPNR00000000043, [994, 1311, 994, 1172], 0.4137, 1
PEPNR00000000044, [516, 638, 514, 538], 0.2885, 1
PEPNR00000000045, [1215, 374, 85, 106], 0.2614, 0
PEPNR00000000046, [493, 948, 1047, 1570], 0.3002, 1
PEPNR00000000047, [997, 972, 650, 462], 0.2369, 1
PEPNR00000000048, [1089, 1215, 657, 745], 0.0851, 1
PEPNR00000000049, [772, 798, 828, 880], 0.1514, 1
PEPNR00000000050, [1242, 436, 106, 110], 0.2382, 0
PEPNR00000000051, [774, 863, 639, 806], 0.4525, 0
PEPNR00000000052, [944, 1198, 892, 976], 0.4039, 1
PEPNR00000000053, [1219, 762, 225, 151], 0.1643, 0
PEPNR00000000054, [631, 1203, 1333, 1989], 0.1139, 1
PEPNR00000000055, [640, 1199, 1625, 2605], 0.3279, 1
PEPNR00000000056, [818, 1396, 1295, 1509], 0.2307, 1
PEPNR00000000057, [1125, 866, 474, 426], 0.4306, 0
PEPNR00000000058, [562, 867, 1131, 1701], 0.0753, 1
PEPNR00000000059, [1007, 145, 32, 24], 0.1362, 0
PEPNR00000000060, [1136, 342, 196, 157], 0.3715, 0
PEPNR00000000061, [1378, 206, 32, 27], 0.1567, 0
PEPNR00000000062, [464, 891, 1325, 1786], 0.469, 1
PEPNR00000000063, [656, 578, 431, 383], 0.0593, 1
PEPNR00000000064, [489, 939, 1161, 1790], 0.2313, 1
PEPNR00000000065, [828, 146, 40, 15], 0.0817, 0
PEPNR00000000066, [475, 833, 1049, 1641], 0.2027, 1
PEPNR00000000067, [506, 878, 1009, 1623], 0.2022, 1
PEPNR00000000068, [466, 925, 1211, 1772], 0.2988, 1
PEPNR00000000069, [923, 705, 372, 269], 0.1152, 1
PEPNR00000000070, [970, 187, 49, 57], 0.4679, 0
PEPNR00000000071, [546, 927, 1064, 1797], 0.0808, 1
PEPNR00000000072, [990, 1022, 647, 551], 0.1554, 1
PEPNR00000000073, [893, 741, 481, 457], 0.2554, 1
PEPNR00000000074, [619, 1072, 1162, 1793], 0.1192, 1
PEPNR00000000075, [559, 968, 1178, 1622], 0.0432, 1
PEPNR00000000076, [874, 170, 89, 50], 0.3004, 0
PEPNR00000000077, [787, 183, 25, 20], 0.1409, 0
PEPNR00000000078, [703, 140, 43, 5], 0.2272, 0
PEPNR00000000079, [735, 498, 183, 147], 0.1944, 1
PEPNR00000000080, [794, 826, 662, 652], 0.3642, 1
PEPNR00000000081, [621, 783, 583, 615], 0.1223, 1
PEPNR00000000082, [513, 733, 1010, 1776], 0.6453, 1
PEPNR00000000083, [675, 872, 609, 579], 0.0685, 1
PEPNR00000000084, [610, 555, 414, 431], 0.1544, 1
PEPNR00000000085, [798, 254, 57, 69], 0.3184, 0
PEPNR00000000086, [413, 720, 1095, 2004], 0.1533, 1
PEPNR00000000087, [962, 528, 223, 209], 0.3411, 0
PEPNR00000000088, [934, 1282, 773, 719], 0.0684, 1
PEPNR00000000089, [512, 976, 1072, 1600], 0.1958, 1
PEPNR00000000090, [703, 766, 368, 395], 0.3427, 1
PEPNR00000000091, [526, 959, 892, 1087], 0.16, 1
PEPNR00000000092, [698, 239, 97, 69], 0.0756, 0
PEPNR00000000093, [764, 854, 426, 404], 0.1385, 1
PEPNR00000000094, [999, 667, 349, 289], 0.1066, 1
PEPNR00000000095, [624, 558, 451, 402], 0.1867, 1
PEPNR00000000096, [904, 344, 43, 48], 0.1576, 0
PEPNR00000000097, [733, 1196, 852, 867], 0.1074, 1
PEPNR00000000098, [794, 680, 423, 552], 0.1256, 1
PEPNR00000000099, [789, 247, 132, 62], 0.5686, 0
PEPNR00000000100, [439, 464, 360, 329], 0.4314, 1
PEPNR00000000101, [1488, 965, 391, 148], 0.0358, 0
PEPNR00000000102, [395, 751, 1016, 2020], 0.1187, 1
PEPNR00000000103, [892, 302, 165, 105], 0.3834, 0
PEPNR00000000104, [375, 666, 982, 1555], 0.4361, 1
PEPNR00000000105, [611, 873, 854, 1267], 0.308, 1
PEPNR00000000106, [828, 109, 9, 26], 0.0654, 0
PEPNR00000000107, [515, 881, 548, 626], 0.1107, 1
PEPNR00000000108, [498, 815, 1057, 1828], 0.0307, 1
PEPNR00000000109, [423, 757, 904, 1330], 0.5402, 1
PEPNR00000000110, [436, 698, 981, 1747], 0.2359, 1
PEPNR00000000111, [741, 123, 48, 3], 0.4237, 0
PEPNR00000000112, [409, 724, 887, 1799], 0.1074, 1
PEPNR00000000113, [726, 129, 45, 16], 0.1475, 0
PEPNR00000000114, [395, 599, 693, 1034], 0.2481, 1
PEPNR00000000115, [458, 702, 666, 633], 0.1962, 1
PEPNR00000000116, [516, 361, 184, 193], 0.3144, 1
PEPNR00000000117, [514, 539, 306, 314], 0.2696, 1
PEPNR00000000118, [599, 123, 36, 17], 0.1966, 0
PEPNR00000000119, [599, 124, 25, 15], 0.2138, 0
PEPNR00000000120, [572, 710, 521, 492], 0.2134, 1
PEPNR00000000121, [618, 356, 132, 204], 0.2463, 0
PEPNR00000000122, [716, 820, 389, 443], 0.3675, 1
PEPNR00000000123, [631, 190, 101, 89], 0.2391, 0
PEPNR00000000124, [633, 83, 20, 6], 0.0307, 0
PEPNR00000000125, [742, 904, 484, 396], 0.1425, 1
PEPNR00000000126, [354, 590, 748, 1000], 0.2357, 1
PEPNR00000000127, [489, 587, 434, 468], 0.0822, 1
PEPNR00000000128, [418, 600, 387, 415], 0.065, 1
PEPNR00000000129, [407, 559, 383, 388], 0.2671, 1
PEPNR00000000130, [807, 456, 235, 202], 0.4451, 0
PEPNR00000000131, [303, 431, 410, 582], 0.0876, 1
PEPNR00000000132, [381, 566, 337, 528], 0.1176, 1
PEPNR00000000133, [420, 987, 1082, 1264], 0.1909, 1
PEPNR00000000134, [540, 144, 37, 16], 0.3879, 0
PEPNR00000000135, [661, 263, 94, 79], 0.0625, 0
PEPNR00000000136, [642, 530, 394, 400], 0.2449, 1
PEPNR00000000137, [837, 203, 59, 38], 0.3921, 0
PEPNR00000000138, [626, 80, 22, 22], 0.0845, 0
PEPNR00000000139, [433, 89, 38, 15], 0.1885, 0
PEPNR00000000140, [675, 506, 312, 237], 0.0617, 1
PEPNR00000000141, [597, 141, 53, 33], 0.1809, 0
PEPNR00000000142, [623, 111, 43, 18], 0.199, 0
PEPNR00000000143, [914, 476, 174, 212], 0.229, 0
PEPNR00000000144, [434, 540, 410, 545], 0.4634, 1
PEPNR00000000145, [346, 506, 425, 551], 0.2631, 1
PEPNR00000000146, [801, 199, 48, 68], 0.1306, 0
PEPNR00000000147, [594, 99, 19, 11], 0.3141, 0
PEPNR00000000148, [607, 199, 84, 29], 0.2739, 0
PEPNR00000000149, [663, 241, 63, 53], 0.224, 0
PEPNR00000000150, [662, 118, 25, 5], 0.0161, 0
PEPNR00000000151, [600, 642, 395, 518], 0.4214, 1
PEPNR00000000152, [591, 251, 88, 115], 0.3161, 0
PEPNR00000000153, [544, 263, 80, 43], 0.071, 0
PEPNR00000000154, [342, 488, 591, 726], 0.3265, 1
PEPNR00000000155, [338, 635, 753, 1134], 0.4277, 1
PEPNR00000000156, [546, 168, 69, 26], 0.3145, 0
PEPNR00000000157, [615, 705, 402, 500], 0.1192, 1
PEPNR00000000158, [631, 104, 28, 8], 0.271, 0
PEPNR00000000159, [555, 62, 13, 11], 0.1507, 0
PEPNR00000000160, [371, 602, 533, 812], 0.3452, 1
PEPNR00000000161, [681, 533, 339, 270], 0.2501, 0
PEPNR00000000162, [601, 127, 17, 3], 0.126, 0
PEPNR00000000163, [690, 272, 91, 81], 0.2763, 0
PEPNR00000000164, [650, 190, 30, 18], 0.2086, 0
PEPNR00000000165, [638, 235, 115, 92], 0.307, 0
PEPNR00000000166, [714, 334, 181, 159], 0.1378, 1
PEPNR00000000167, [290, 617, 638, 966], 0.2891, 1
PEPNR00000000168, [392, 757, 891, 1299], 0.441, 1
PEPNR00000000169, [614, 135, 32, 13], 0.3074, 0
PEPNR00000000170, [243, 479, 594, 843], 0.0352, 1
PEPNR00000000171, [265, 487, 697, 1167], 0.1372, 1
PEPNR00000000172, [646, 121, 16, 20], 0.13, 0
PEPNR00000000173, [534, 110, 20, 4], 0.263, 0
PEPNR00000000174, [398, 128, 20, 13], 0.0243, 1
PEPNR00000000175, [514, 364, 216, 170], 0.1915, 1
PEPNR00000000176, [487, 96, 37, 17], 0.3354, 0
PEPNR00000000177, [578, 565, 329, 232], 0.1612, 1
PEPNR00000000178, [480, 70, 7, 10], 0.1172, 0
PEPNR00000000179, [257, 574, 625, 1311], 0.1118, 1
PEPNR00000000180, [624, 286, 117, 148], 0.224, 0
PEPNR00000000181, [568, 155, 36, 51], 0.2017, 0
PEPNR00000000182, [325, 160, 68, 73], 0.3461, 0
PEPNR00000000183, [576, 460, 190, 164], 0.1293, 1
PEPNR00000000184, [579, 397, 185, 143], 0.518, 0
PEPNR00000000185, [466, 677, 517, 511], 0.1892, 1
PEPNR00000000186, [358, 560, 472, 575], 0.2493, 1
PEPNR00000000187, [357, 630, 561, 621], 0.38, 1
PEPNR00000000188, [427, 585, 575, 516], 0.1009, 1
PEPNR00000000189, [596, 117, 43, 9], 0.1184, 0
PEPNR00000000190, [639, 114, 29, 21], 0.2357, 0
PEPNR00000000191, [432, 232, 107, 49], 0.0779, 0
PEPNR00000000192, [372, 553, 369, 361], 0.2868, 1
PEPNR00000000193, [614, 87, 15, 52], 0.0663, 0
PEPNR00000000194, [660, 137, 23, 39], 0.1202, 0
PEPNR00000000195, [677, 724, 446, 293], 0.1939, 1
PEPNR00000000196, [517, 112, 58, 7], 0.4429, 0
PEPNR00000000197, [311, 461, 469, 611], 0.1882, 1
PEPNR00000000198, [417, 122, 31, 18], 0.0961, 0
PEPNR00000000199, [442, 71, 15, 14], 0.1197, 0
PEPNR00000000200, [416, 99, 42, 33], 0.2632, 0
PEPNR00000000201, [203, 43, 12, 14], 0.0496, 1
PEPNR00000000202, [274, 391, 374, 385], 0.329, 1
PEPNR00000000203, [344, 535, 599, 1048], 0.1042, 1
PEPNR00000000204, [530, 109, 37, 33], 0.208, 0
PEPNR00000000205, [529, 97, 15, 19], 0.1345, 0
PEPNR00000000206, [450, 100, 51, 29], 0.3147, 0
PEPNR00000000207, [509, 94, 23, 13], 0.1095, 0
PEPNR00000000208, [339, 80, 30, 14], 0.1141, 0
PEPNR00000000209, [555, 219, 145, 172], 0.3303, 0
PEPNR00000000210, [463, 78, 22, 7], 0.3239, 0
PEPNR00000000211, [606, 161, 26, 18], 0.3448, 0
PEPNR00000000212, [502, 152, 59, 20], 0.4561, 1
PEPNR00000000213, [454, 369, 232, 209], 0.0593, 1
PEPNR00000000214, [474, 109, 50, 37], 0.2988, 0
PEPNR00000000215, [450, 688, 394, 459], 0.0744, 1
PEPNR00000000216, [268, 364, 338, 481], 0.0496, 1
PEPNR00000000217, [531, 330, 123, 156], 0.3077, 0
PEPNR00000000218, [352, 448, 408, 436], 0.0926, 1
PEPNR00000000219, [323, 369, 331, 238], 0.2185, 1
PEPNR00000000220, [427, 537, 336, 269], 0.0744, 1
PEPNR00000000221, [296, 409, 354, 598], 0.0782, 1
PEPNR00000000222, [557, 95, 16, 21], 0.1601, 0
PEPNR00000000223, [405, 504, 410, 519], 0.3581, 1
PEPNR00000000224, [186, 448, 529, 599], 0.3964, 1
PEPNR00000000225, [403, 73, 18, 10], 0.2067, 0
PEPNR00000000226, [407, 86, 16, 9], 0.0589, 0
PEPNR00000000227, [464, 97, 26, 12], 0.2446, 0
PEPNR00000000228, [557, 192, 80, 41], 0.1309, 0
PEPNR00000000229, [386, 79, 25, 0], 0.3881, 0
PEPNR00000000230, [570, 81, 12, 19], 0.1415, 0
PEPNR00000000231, [509, 159, 48, 48], 0.478, 0
PEPNR00000000232, [328, 234, 124, 89], 0.1313, 1
PEPNR00000000233, [336, 119, 40, 17], 0.2729, 0
PEPNR00000000234, [565, 395, 172, 153], 0.408, 1
PEPNR00000000235, [561, 341, 195, 168], 0.2204, 0
PEPNR00000000236, [474, 50, 14, 9], 0.0487, 0
PEPNR00000000237, [457, 720, 423, 480], 0.0611, 1
PEPNR00000000238, [455, 194, 49, 19], 0.1797, 0
PEPNR00000000239, [470, 116, 24, 36], 0.1667, 0
PEPNR00000000240, [318, 560, 601, 771], 0.4352, 1
PEPNR00000000241, [308, 54, 9, 5], 0.2449, 0
PEPNR00000000242, [332, 78, 13, 20], 0.1885, 0
PEPNR00000000243, [448, 65, 6, 8], 0.4695, 0
PEPNR00000000244, [332, 60, 9, 4], 0.1123, 0
PEPNR00000000245, [242, 384, 199, 247], 0.1316, 1
PEPNR00000000246, [464, 87, 32, 10], 0.4359, 0
PEPNR00000000247, [360, 62, 15, 3], 0.241, 0
PEPNR00000000248, [195, 31, 4, 1], 0.1802, 0
PEPNR00000000249, [389, 63, 16, 6], 0.0457, 0
PEPNR00000000250, [463, 197, 82, 16], 0.2621, 0
PEPNR00000000251, [352, 150, 42, 39], 0.1051, 0
PEPNR00000000252, [417, 71, 7, 4], 0.1465, 0
PEPNR00000000253, [466, 146, 45, 42], 0.4325, 0
PEPNR00000000254, [399, 279, 155, 162], 0.3183, 0
PEPNR00000000255, [467, 64, 20, 7], 0.0471, 0
PEPNR00000000256, [227, 131, 63, 54], 0.2732, 0
PEPNR00000000257, [208, 385, 455, 807], 0.0751, 1
PEPNR00000000258, [468, 494, 409, 341], 0.1918, 1
PEPNR00000000259, [365, 71, 8, 0], 0.2786, 0
PEPNR00000000260, [433, 66, 16, 9], 0.1483, 0
PEPNR00000000261, [513, 57, 13, 12], 0.0821, 0
PEPNR00000000262, [351, 47, 9, 7], 0.1353, 0
PEPNR00000000263, [310, 389, 411, 702], 0.0615, 1
PEPNR00000000264, [482, 196, 23, 35], 0.1174, 0
PEPNR00000000265, [250, 115, 28, 17], 0.3666, 0
PEPNR00000000266, [416, 573, 359, 349], 0.3875, 1
PEPNR00000000267, [412, 303, 137, 67], 0.3445, 0
PEPNR00000000268, [442, 61, 14, 18], 0.5461, 0
PEPNR00000000269, [438, 98, 20, 4], 0.4004, 0
PEPNR00000000270, [466, 52, 4, 3], 0.0958, 0
PEPNR00000000271, [326, 47, 8, 18], 0.2784, 0
PEPNR00000000272, [393, 114, 73, 82], 0.229, 0
PEPNR00000000273, [447, 407, 241, 182], 0.2406, 1
PEPNR00000000274, [385, 35, 3, 1], 0.0587, 0
PEPNR00000000275, [430, 154, 53, 74], 0.1265, 0
PEPNR00000000276, [230, 91, 81, 60], 0.0327, 1
PEPNR00000000277, [318, 65, 21, 27], 0.4407, 0
PEPNR00000000278, [435, 409, 166, 155], 0.1422, 1
PEPNR00000000279, [402, 78, 12, 8], 0.2017, 0
PEPNR00000000280, [316, 60, 3, 10], 0.2447, 0
PEPNR00000000281, [213, 279, 331, 474], 0.245, 1
PEPNR00000000282, [499, 58, 8, 3], 0.0488, 0
PEPNR00000000283, [413, 56, 12, 2], 0.038, 0
PEPNR00000000284, [261, 93, 53, 53], 0.06, 1
PEPNR00000000285, [354, 35, 14, 11], 0.1593, 0
PEPNR00000000286, [327, 70, 16, 14], 0.2092, 0
PEPNR00000000287, [340, 86, 27, 42], 0.1962, 0
PEPNR00000000288, [227, 69, 27, 18], 0.2759, 0
PEPNR00000000289, [370, 49, 15, 1], 0.2666, 0
PEPNR00000000290, [231, 343, 267, 264], 0.1666, 1
PEPNR00000000291, [172, 107, 167, 554], 0.1319, 1
PEPNR00000000292, [368, 44, 10, 9], 0.1268, 0
PEPNR00000000293, [377, 64, 12, 4], 0.2304, 0
PEPNR00000000294, [332, 96, 34, 4], 0.2839, 0
PEPNR00000000295, [422, 64, 15, 1], 0.2664, 0
PEPNR00000000296, [345, 73, 2, 21], 0.2715, 0
PEPNR00000000297, [357, 389, 215, 163], 0.112, 1
PEPNR00000000298, [336, 62, 10, 3], 0.1369, 0
PEPNR00000000299, [411, 301, 138, 87], 0.2188, 0
PEPNR00000000300, [325, 88, 15, 8], 0.2233, 0
PEPNR00000000301, [469, 85, 29, 13], 0.1038, 0
PEPNR00000000302, [348, 66, 8, 9], 0.0312, 0
PEPNR00000000303, [462, 354, 120, 116], 0.2372, 1
PEPNR00000000304, [344, 53, 11, 15], 0.0695, 0
PEPNR00000000305, [642, 155, 44, 54], 0.3336, 0
PEPNR00000000306, [262, 524, 389, 548], 0.2098, 1
PEPNR00000000307, [409, 91, 48, 9], 0.104, 0
PEPNR00000000308, [353, 315, 159, 239], 0.2446, 1
PEPNR00000000309, [449, 154, 54, 43], 0.2428, 0
PEPNR00000000310, [354, 82, 24, 11], 0.1072, 0
PEPNR00000000311, [211, 43, 9, 2], 0.1668, 0
PEPNR00000000312, [345, 394, 175, 237], 0.3365, 1
PEPNR00000000313, [299, 208, 125, 81], 0.1699, 0
PEPNR00000000314, [444, 250, 80, 48], 0.251, 0
PEPNR00000000315, [368, 181, 109, 131], 0.1566, 0
PEPNR00000000316, [334, 142, 41, 20], 0.0633, 0
PEPNR00000000317, [277, 246, 139, 105], 0.3787, 1
PEPNR00000000318, [415, 99, 28, 17], 0.202, 0
PEPNR00000000319, [450, 61, 7, 1], 0.0635, 0
PEPNR00000000320, [356, 70, 11, 2], 0.2026, 0
PEPNR00000000321, [226, 243, 153, 194], 0.0896, 1
PEPNR00000000322, [326, 186, 65, 89], 0.0781, 0
PEPNR00000000323, [242, 35, 5, 13], 0.2389, 1
PEPNR00000000324, [311, 179, 62, 87], 0.195, 0
PEPNR00000000325, [321, 157, 30, 20], 0.1423, 0
PEPNR00000000326, [250, 104, 88, 57], 0.2299, 0
PEPNR00000000327, [281, 264, 194, 147], 0.2023, 1
PEPNR00000000328, [305, 228, 159, 185], 0.3102, 1
PEPNR00000000329, [342, 65, 24, 11], 0.0924, 0
PEPNR00000000330, [236, 86, 16, 25], 0.2308, 0
PEPNR00000000331, [482, 49, 6, 7], 0.0446, 0
PEPNR00000000332, [272, 58, 11, 10], 0.2323, 0
PEPNR00000000333, [85, 22, 9, 2], 0.4202, 0
PEPNR00000000334, [259, 103, 57, 49], 0.3256, 1
PEPNR00000000335, [250, 234, 148, 104], 0.2513, 0
PEPNR00000000336, [320, 44, 11, 4], 0.1056, 0
PEPNR00000000337, [431, 109, 52, 56], 0.5527, 0
PEPNR00000000338, [378, 144, 25, 15], 0.2047, 0
PEPNR00000000339, [366, 164, 70, 21], 0.3008, 0
PEPNR00000000340, [323, 69, 14, 5], 0.0649, 0
PEPNR00000000341, [287, 79, 13, 7], 0.1092, 0
PEPNR00000000342, [170, 120, 133, 305], 0.4284, 1
PEPNR00000000343, [412, 264, 128, 84], 0.4914, 0
PEPNR00000000344, [318, 194, 102, 86], 0.1925, 0
PEPNR00000000345, [291, 63, 14, 14], 0.4311, 0
PEPNR00000000346, [338, 65, 11, 1], 0.1344, 0
PEPNR00000000347, [403, 43, 4, 1], 0.0294, 0
PEPNR00000000348, [272, 40, 10, 5], 0.1642, 0
PEPNR00000000349, [266, 325, 187, 265], 0.1659, 1
PEPNR00000000350, [228, 97, 53, 38], 0.2659, 1
PEPNR00000000351, [205, 381, 294, 478], 0.374, 1
PEPNR00000000352, [390, 57, 4, 0], 0.2656, 0
PEPNR00000000353, [292, 79, 19, 9], 0.2135, 0
PEPNR00000000354, [318, 148, 55, 90], 0.4375, 0
PEPNR00000000355, [425, 64, 6, 0], 0.1243, 0
PEPNR00000000356, [336, 60, 9, 2], 0.1413, 0
PEPNR00000000357, [341, 52, 9, 1], 0.0803, 0
PEPNR00000000358, [318, 85, 25, 4], 0.1097, 0
PEPNR00000000359, [222, 79, 20, 1], 0.2603, 0
PEPNR00000000360, [216, 26, 8, 5], 0.1592, 0
PEPNR00000000361, [291, 76, 10, 5], 0.0815, 0
PEPNR00000000362, [276, 94, 34, 21], 0.1053, 0
PEPNR00000000363, [289, 45, 3, 12], 0.2009, 0
PEPNR00000000364, [304, 376, 262, 340], 0.2094, 1
PEPNR00000000365, [333, 50, 10, 4], 0.031, 0
PEPNR00000000366, [277, 124, 51, 88], 0.4377, 0
PEPNR00000000367, [313, 193, 92, 135], 0.1483, 0
PEPNR00000000368, [161, 238, 262, 322], 0.4957, 1
PEPNR00000000369, [281, 57, 3, 1], 0.1357, 0
PEPNR00000000370, [351, 59, 4, 9], 0.1182, 0
PEPNR00000000371, [338, 54, 13, 5], 0.1534, 0
PEPNR00000000372, [257, 73, 11, 22], 0.225, 0
PEPNR00000000373, [162, 26, 4, 3], 0.1217, 0
PEPNR00000000374, [265, 49, 11, 5], 0.0728, 0
PEPNR00000000375, [306, 67, 4, 4], 0.0951, 0
PEPNR00000000376, [320, 88, 11, 5], 0.3127, 0
PEPNR00000000377, [286, 171, 62, 15], 0.1497, 0
PEPNR00000000378, [303, 49, 19, 19], 0.2908, 0
PEPNR00000000379, [97, 230, 269, 369], 0.4004, 1
PEPNR00000000380, [284, 53, 17, 8], 0.5347, 0
PEPNR00000000381, [292, 55, 15, 2], 0.3738, 0
PEPNR00000000382, [353, 56, 14, 8], 0.0495, 0
PEPNR00000000383, [342, 115, 27, 23], 0.1529, 0
PEPNR00000000384, [152, 275, 328, 283], 0.1196, 1
PEPNR00000000385, [232, 33, 11, 6], 0.1046, 0
PEPNR00000000386, [281, 408, 277, 164], 0.2688, 1
PEPNR00000000387, [79, 243, 253, 296], 0.1296, 1
PEPNR00000000388, [154, 25, 14, 0], 0.1906, 0
PEPNR00000000389, [231, 31, 2, 18], 0.1482, 0
PEPNR00000000390, [290, 47, 12, 4], 0.2551, 0
PEPNR00000000391, [243, 29, 6, 6], 0.3391, 0
PEPNR00000000392, [232, 41, 3, 1], 0.1614, 0
PEPNR00000000393, [309, 80, 28, 23], 0.1481, 0
PEPNR00000000394, [291, 141, 67, 31], 0.2151, 0
PEPNR00000000395, [271, 114, 44, 10], 0.0908, 0
PEPNR00000000396, [247, 214, 102, 113], 0.055, 1
PEPNR00000000397, [303, 119, 33, 35], 0.4296, 0
PEPNR00000000398, [223, 36, 10, 3], 0.1058, 0
PEPNR00000000399, [229, 54, 10, 3], 0.0743, 0
PEPNR00000000400, [232, 25, 11, 6], 0.1149, 0
PEPNR00000000401, [332, 134, 84, 18], 0.4508, 0
PEPNR00000000402, [252, 41, 6, 5], 0.4404, 0
PEPNR00000000403, [340, 32, 5, 0], 0.1416, 0
PEPNR00000000404, [134, 272, 363, 645], 0.4615, 1
PEPNR00000000405, [182, 45, 7, 8], 0.3082, 0
PEPNR00000000406, [279, 34, 8, 3], 0.1176, 0
PEPNR00000000407, [199, 53, 13, 5], 0.122, 0
PEPNR00000000408, [240, 384, 254, 260], 0.233, 1
PEPNR00000000409, [253, 36, 5, 1], 0.0704, 0
PEPNR00000000410, [198, 24, 2, 1], 0.0717, 0
PEPNR00000000411, [269, 103, 28, 27], 0.1034, 0
PEPNR00000000412, [159, 202, 207, 198], 0.4525, 1
PEPNR00000000413, [223, 78, 29, 29], 0.2677, 0
PEPNR00000000414, [182, 47, 12, 13], 0.1686, 0
PEPNR00000000415, [258, 34, 8, 13], 0.1195, 0
PEPNR00000000416, [156, 30, 10, 5], 0.1994, 0
PEPNR00000000417, [239, 44, 8, 0], 0.0354, 0
PEPNR00000000418, [208, 137, 128, 100], 0.304, 1
PEPNR00000000419, [280, 20, 4, 4], 0.024, 0
PEPNR00000000420, [205, 59, 11, 5], 0.311, 0
PEPNR00000000421, [248, 111, 45, 34], 0.0728, 0
PEPNR00000000422, [102, 61, 19, 26], 0.111, 1
PEPNR00000000423, [291, 49, 8, 0], 0.0658, 0
PEPNR00000000424, [332, 31, 6, 1], 0.1607, 0
PEPNR00000000425, [241, 25, 5, 9], 0.1514, 0
PEPNR00000000426, [235, 44, 5, 6], 0.2397, 0
PEPNR00000000427, [172, 62, 36, 5], 0.3561, 0
PEPNR00000000428, [216, 35, 7, 0], 0.0761, 0
PEPNR00000000429, [159, 23, 3, 16], 0.3437, 0
PEPNR00000000430, [273, 111, 50, 28], 0.3567, 0
PEPNR00000000431, [195, 31, 12, 2], 0.1236, 0
PEPNR00000000432, [249, 29, 6, 3], 0.2324, 0
PEPNR00000000433, [171, 121, 73, 92], 0.3652, 0
PEPNR00000000434, [218, 49, 33, 6], 0.4445, 0
PEPNR00000000435, [172, 122, 64, 36], 0.2572, 0
PEPNR00000000436, [100, 191, 223, 338], 0.2311, 1
PEPNR00000000437, [178, 272, 199, 296], 0.4034, 1
PEPNR00000000438, [204, 184, 137, 162], 0.1871, 1
PEPNR00000000439, [187, 52, 6, 0], 0.1834, 0
PEPNR00000000440, [196, 71, 13, 6], 0.1093, 0
PEPNR00000000441, [167, 25, 7, 3], 0.314, 0
PEPNR00000000442, [208, 45, 11, 1], 0.4047, 0
PEPNR00000000443, [310, 34, 10, 8], 0.1799, 0
PEPNR00000000444, [230, 71, 32, 15], 0.2816, 0
PEPNR00000000445, [181, 76, 13, 38], 0.341, 0
PEPNR00000000446, [82, 160, 231, 251], 0.2277, 1
PEPNR00000000447, [186, 28, 22, 0], 0.2083, 0
PEPNR00000000448, [221, 49, 21, 1], 0.1179, 0
PEPNR00000000449, [203, 86, 20, 13], 0.4248, 0
PEPNR00000000450, [342, 70, 15, 4], 0.2555, 0
PEPNR00000000451, [166, 30, 10, 6], 0.1866, 0
PEPNR00000000452, [197, 35, 7, 4], 0.0342, 0
PEPNR00000000453, [279, 145, 46, 13], 0.0726, 0
PEPNR00000000454, [205, 33, 2, 2], 0.2239, 0
PEPNR00000000455, [214, 67, 24, 15], 0.33, 0
PEPNR00000000456, [253, 24, 6, 1], 0.123, 0
PEPNR00000000457, [168, 19, 6, 4], 0.0376, 0
PEPNR00000000458, [212, 40, 10, 8], 0.3123, 0
PEPNR00000000459, [214, 25, 5, 1], 0.0934, 0
PEPNR00000000460, [220, 35, 4, 2], 0.1553, 0
PEPNR00000000461, [166, 70, 7, 8], 0.2471, 0
PEPNR00000000462, [184, 25, 5, 1], 0.3819, 0
PEPNR00000000463, [208, 55, 21, 11], 0.2899, 0
PEPNR00000000464, [206, 30, 18, 1], 0.0607, 0
PEPNR00000000465, [132, 18, 3, 6], 0.1333, 0
PEPNR00000000466, [227, 31, 2, 2], 0.1611, 0
PEPNR00000000467, [213, 21, 12, 0], 0.1034, 0
PEPNR00000000468, [229, 79, 24, 31], 0.5719, 0
PEPNR00000000469, [231, 51, 5, 7], 0.2177, 0
PEPNR00000000470, [195, 32, 29, 7], 0.472, 0
PEPNR00000000471, [216, 46, 9, 5], 0.0525, 0
PEPNR00000000472, [83, 94, 89, 156], 0.3352, 1
PEPNR00000000473, [99, 107, 82, 49], 0.3322, 1
PEPNR00000000474, [176, 17, 7, 1], 0.1644, 0
PEPNR00000000475, [152, 142, 92, 109], 0.4039, 0
PEPNR00000000476, [234, 24, 6, 15], 0.1872, 0
PEPNR00000000477, [142, 181, 159, 141], 0.2604, 1
PEPNR00000000478, [230, 49, 14, 0], 0.1998, 0
PEPNR00000000479, [143, 169, 82, 78], 0.2635, 0
PEPNR00000000480, [200, 27, 4, 3], 0.2774, 0
PEPNR00000000481, [189, 21, 1, 0], 0.1259, 0
PEPNR00000000482, [259, 45, 6, 3], 0.2561, 0
PEPNR00000000483, [250, 42, 3, 8], 0.1458, 0
PEPNR00000000484, [175, 136, 62, 66], 0.1483, 0
PEPNR00000000485, [215, 91, 38, 45], 0.1672, 0
PEPNR00000000486, [136, 40, 21, 3], 0.2697, 0
PEPNR00000000487, [157, 40, 8, 0], 0.1524, 0
PEPNR00000000488, [181, 111, 53, 67], 0.1287, 0
PEPNR00000000489, [203, 61, 25, 12], 0.2641, 0
PEPNR00000000490, [169, 37, 9, 0], 0.2109, 0
PEPNR00000000491, [223, 71, 16, 7], 0.2753, 0
PEPNR00000000492, [196, 118, 84, 43], 0.3199, 1
PEPNR00000000493, [200, 27, 10, 2], 0.2674, 0
PEPNR00000000494, [187, 38, 2, 4], 0.3038, 0
PEPNR00000000495, [208, 24, 2, 16], 0.1067, 0
PEPNR00000000496, [127, 12, 1, 0], 0.307, 0
PEPNR00000000497, [177, 21, 9, 12], 0.4201, 0
PEPNR00000000498, [210, 26, 7, 3], 0.2505, 0
PEPNR00000000499, [123, 34, 13, 4], 0.2851, 0
PEPNR00000000500, [90, 182, 201, 317], 0.1617, 1
PEPNR00000000501, [130, 22, 7, 3], 0.1576, 0
PEPNR00000000502, [171, 44, 3, 19], 0.1745, 0
PEPNR00000000503, [242, 61, 11, 0], 0.2842, 0
PEPNR00000000504, [114, 32, 6, 5], 0.2792, 0
PEPNR00000000505, [214, 19, 5, 3], 0.0575, 0
PEPNR00000000506, [197, 31, 1, 4], 0.1306, 0
PEPNR00000000507, [222, 19, 4, 3], 0.1431, 0
PEPNR00000000508, [130, 32, 7, 0], 0.0511, 0
PEPNR00000000509, [122, 24, 2, 0], 0.0717, 0
PEPNR00000000510, [138, 39, 19, 12], 0.4008, 0
PEPNR00000000511, [217, 27, 6, 1], 0.016, 0
PEPNR00000000512, [160, 23, 5, 0], 0.0453, 0
PEPNR00000000513, [159, 15, 4, 4], 0.1724, 0
PEPNR00000000514, [149, 46, 23, 10], 0.1801, 0
PEPNR00000000515, [193, 20, 8, 2], 0.0717, 0
PEPNR00000000516, [215, 29, 3, 4], 0.2851, 0
PEPNR00000000517, [126, 29, 9, 9], 0.274, 0
PEPNR00000000518, [88, 94, 65, 15], 0.4065, 0
PEPNR00000000519, [108, 32, 2, 2], 0.0368, 0
PEPNR00000000520, [175, 31, 7, 3], 0.3314, 0
PEPNR00000000521, [99, 75, 21, 23], 0.2365, 0
PEPNR00000000522, [152, 29, 5, 7], 0.2462, 0
PEPNR00000000523, [104, 31, 4, 3], 0.3138, 0
PEPNR00000000524, [108, 44, 11, 3], 0.2315, 0
PEPNR00000000525, [67, 95, 179, 298], 0.2261, 1
PEPNR00000000526, [156, 16, 2, 0], 0.0454, 0
PEPNR00000000527, [176, 32, 7, 2], 0.0566, 0
PEPNR00000000528, [99, 17, 7, 0], 0.2634, 0
PEPNR00000000529, [144, 19, 3, 6], 0.1169, 0
PEPNR00000000530, [94, 10, 4, 0], 0.3631, 0
PEPNR00000000531, [205, 82, 13, 9], 0.043, 0
PEPNR00000000532, [122, 26, 2, 11], 0.1227, 0
PEPNR00000000533, [140, 39, 2, 4], 0.1234, 0
PEPNR00000000534, [123, 26, 11, 1], 0.3158, 0
PEPNR00000000535, [161, 39, 10, 31], 0.2029, 0
PEPNR00000000536, [122, 18, 3, 4], 0.0128, 0
PEPNR00000000537, [146, 125, 77, 46], 0.4961, 0
PEPNR00000000538, [63, 85, 101, 96], 0.2323, 1
PEPNR00000000539, [148, 46, 8, 13], 0.4391, 0
PEPNR00000000540, [114, 36, 8, 4], 0.0555, 0
PEPNR00000000541, [79, 57, 36, 18], 0.1431, 0
PEPNR00000000542, [124, 15, 3, 10], 0.2499, 0
PEPNR00000000543, [123, 34, 13, 8], 0.4278, 0
PEPNR00000000544, [119, 18, 4, 2], 0.1255, 0
PEPNR00000000545, [76, 106, 133, 250], 0.0547, 1
PEPNR00000000546, [131, 20, 1, 0], 0.0921, 0
PEPNR00000000547, [114, 100, 66, 34], 0.2785, 0
PEPNR00000000548, [116, 97, 41, 28], 0.3906, 0
PEPNR00000000549, [102, 34, 7, 4], 0.1206, 0
PEPNR00000000550, [128, 37, 6, 3], 0.4221, 0
PEPNR00000000551, [140, 16, 1, 0], 0.0568, 0
PEPNR00000000552, [125, 28, 4, 3], 0.0902, 0
PEPNR00000000553, [208, 29, 1, 6], 0.0464, 0
PEPNR00000000554, [157, 30, 4, 6], 0.1184, 0
PEPNR00000000555, [94, 3, 6, 0], 0.245, 0
PEPNR00000000556, [70, 12, 3, 0], 0.05, 0
PEPNR00000000557, [35, 54, 84, 122], 0.1435, 1
PEPNR00000000558, [130, 22, 8, 1], 0.252, 0
PEPNR00000000559, [108, 18, 2, 0], 0.0463, 0
PEPNR00000000560, [112, 15, 2, 2], 0.0404, 0
PEPNR00000000561, [101, 28, 3, 13], 0.3861, 0
PEPNR00000000562, [93, 17, 0, 12], 0.2382, 0
PEPNR00000000563, [42, 58, 87, 165], 0.2736, 1
PEPNR00000000564, [112, 17, 3, 4], 0.5286, 0
PEPNR00000000565, [98, 23, 5, 7], 0.0333, 0
PEPNR00000000566, [99, 18, 1, 0], 0.0157, 0
PEPNR00000000567, [127, 20, 1, 1], 0.1558, 0
PEPNR00000000568, [76, 16, 1, 0], 0.3747, 0
PEPNR00000000569, [121, 13, 4, 0], 0.0637, 0
PEPNR00000000570, [108, 22, 8, 0], 0.3895, 0
PEPNR00000000571, [89, 24, 4, 18], 0.2383, 0
PEPNR00000000572, [81, 9, 5, 0], 0.0655, 0
PEPNR00000000573, [103, 19, 5, 10], 0.2948, 0
PEPNR00000000574, [29, 38, 53, 77], 0.0784, 1
PEPNR00000000575, [57, 19, 3, 2], 0.2871, 0
PEPNR00000000576, [103, 9, 2, 0], 0.0896, 0
PEPNR00000000577, [101, 9, 1, 1], 0.2427, 0
PEPNR00000000578, [110, 18, 2, 0], 0.0386, 0
PEPNR00000000579, [43, 61, 52, 158], 0.2197, 1
PEPNR00000000580, [118, 18, 4, 0], 0.3476, 0
PEPNR00000000581, [78, 25, 8, 7], 0.315, 0
PEPNR00000000582, [73, 12, 3, 0], 0.1354, 0
PEPNR00000000583, [101, 21, 4, 0], 0.2246, 0
PEPNR00000000584, [92, 14, 1, 1], 0.1351, 0
PEPNR00000000585, [67, 7, 0, 0], 0.0628, 0
PEPNR00000000586, [66, 7, 1, 1], 0.0564, 0
PEPNR00000000587, [48, 83, 35, 40], 0.5588, 0
PEPNR00000000588, [109, 14, 0, 0], 0.2935, 0
PEPNR00000000589, [80, 13, 0, 0], 0.0768, 0
PEPNR00000000590, [64, 21, 7, 19], 0.1011, 0
PEPNR00000000591, [90, 11, 2, 7], 0.2708, 0
PEPNR00000000592, [55, 8, 7, 4], 0.0954, 0
PEPNR00000000593, [63, 12, 7, 2], 0.4254, 0
PEPNR00000000594, [50, 8, 5, 0], 0.4914, 0
PEPNR00000000595, [57, 10, 4, 0], 0.2069, 0
PEPNR00000000596, [92, 15, 0, 3], 0.0611, 0
PEPNR00000000597, [43, 8, 2, 0], 0.1342, 0
PEPNR00000000598, [84, 8, 0, 1], 0.0967, 0
PEPNR00000000599, [57, 10, 6, 0], 0.0684, 0
PEPNR00000000600, [3, 7, 40, 249], 0.3653, 1
PEPNR00000000601, [61, 11, 3, 0], 0.041, 0
PEPNR00000000602, [54, 10, 1, 0], 0.057, 0
PEPNR00000000603, [30, 11, 4, 1], 0.0921, 0
PEPNR00000000604, [64, 11, 1, 0], 0.1867, 0
PEPNR00000000605, [5, 7, 45, 192], 0.3604, 1
PEPNR00000000606, [53, 7, 3, 2], 0.3192, 0
PEPNR00000000607, [48, 7, 0, 0], 0.218, 0
PEPNR00000000608, [13, 21, 22, 31], 0.1487, 1
PEPNR00000000609, [60, 9, 2, 1], 0.3536, 0
PEPNR00000000610, [59, 3, 1, 5], 0.3025, 0
PEPNR00000000611, [11, 33, 16, 19], 0.2701, 1
PEPNR00000000612, [1, 1, 7, 70], 0.0255, 1
PEPNR00000000614, [29, 16, 4, 9], 0.1517, 0
PEPNR00000000615, [28, 21, 4, 0], 0.2262, 0
PEPNR00000000616, [3, 12, 27, 141], 0.3378, 1
PEPNR00000000618, [42, 7, 2, 0], 0.0555, 0
PEPNR00000000619, [2, 6, 22, 119], 0.3638, 1
PEPNR00000000620, [8, 12, 12, 27], 0.4191, 1
PEPNR00000000621, [2, 6, 17, 97], 0.3611, 1
PEPNR00000000622, [5, 12, 27, 85], 0.3656, 1
PEPNR00000000623, [8, 14, 19, 23], 0.1378, 1
PEPNR00000000624, [23, 4, 0, 0], 0.1304, 0
PEPNR00000000625, [10, 23, 24, 27], 0.2925, 1
PEPNR00000000626, [13, 16, 27, 25], 0.408, 1
PEPNR00000000627, [3, 8, 27, 124], 0.4288, 1
PEPNR00000000628, [44, 2, 0, 0], 0.1323, 0
PEPNR00000000629, [15, 0, 2, 0], 0.2407, 0
PEPNR00000000630, [1, 6, 21, 93], 0.289, 1
PEPNR00000000631, [2, 4, 14, 75], 0.3679, 1
PEPNR00000000632, [2, 1, 13, 64], 0.4056, 1
PEPNR00000000633, [5, 17, 20, 27], 0.42, 1
PEPNR00000000634, [37, 3, 0, 0], 0.0756, 0
PEPNR00000000635, [12, 16, 16, 15], 0.1987, 1
PEPNR00000000636, [8, 17, 20, 29], 0.1427, 1
PEPNR00000000638, [0, 6, 18, 71], 0.3667, 1
PEPNR00000000639, [1, 3, 12, 61], 0.375, 1
PEPNR00000000640, [11, 14, 10, 34], 0.1222, 1
PEPNR00000000641, [12, 6, 15, 36], 0.2851, 1
PEPNR00000000642, [8, 6, 8, 15], 0.1391, 1
PEPNR00000000643, [12, 24, 18, 21], 0.1752, 1
PEPNR00000000644, [3, 9, 20, 108], 0.3639, 1
PEPNR00000000645, [10, 3, 1, 1], 0.3179, 0
PEPNR00000000646, [0, 3, 10, 62], 0.3654, 1
PEPNR00000000647, [15, 4, 0, 0], 0.1693, 0
PEPNR00000000648, [1, 8, 15, 92], 0.3291, 1
PEPNR00000000649, [3, 20, 18, 29], 0.2689, 1
PEPNR00000000650, [10, 7, 12, 10], 0.1972, 0
PEPNR00000000651, [1, 5, 11, 84], 0.3497, 1
PEPNR00000000652, [4, 12, 8, 12], 0.2872, 1
PEPNR00000000655, [0, 5, 9, 61], 0.3661, 1
PEPNR00000000657, [11, 10, 8, 8], 0.1592, 0
PEPNR00000000658, [13, 34, 29, 50], 0.2524, 1
PEPNR00000000659, [1, 10, 9, 43], 0.3477, 1
PEPNR00000000661, [17, 6, 0, 0], 0.2161, 0
PEPNR00000000662, [7, 10, 4, 14], 0.0741, 1
PEPNR00000000663, [1, 6, 13, 47], 0.3148, 1
PEPNR00000000664, [1, 7, 17, 84], 0.358, 1
PEPNR00000000665, [10, 11, 5, 11], 0.2354, 1
PEPNR00000000667, [3, 13, 11, 13], 0.0803, 1
PEPNR00000000668, [3, 14, 7, 4], 0.3444, 0
PEPNR00000000669, [4, 9, 22, 13], 0.1389, 1
PEPNR00000000670, [0, 1, 4, 31], 0.0358, 1
PEPNR00000000671, [3, 12, 7, 16], 0.2733, 1
PEPNR00000000675, [1, 4, 10, 56], 0.332, 1
PEPNR00000000677, [1, 6, 12, 64], 0.3375, 1
PEPNR00000000679, [0, 6, 18, 61], 0.3316, 1
PEPNR00000000680, [2, 6, 14, 72], 0.3477, 1
PEPNR00000000681, [0, 0, 12, 59], 0.3586, 1
PEPNR00000000683, [1, 3, 13, 61], 0.3595, 1
PEPNR00000000684, [1, 5, 9, 55], 0.2899, 1
PEPNR00000000685, [15, 9, 5, 3], 0.2054, 0
PEPNR00000000686, [2, 8, 18, 48], 0.3343, 1
PEPNR00000000687, [5, 17, 6, 9], 0.3812, 1
PEPNR00000000688, [0, 2, 10, 42], 0.3633, 1
PEPNR00000000691, [4, 3, 11, 42], 0.3653, 1
PEPNR00000000694, [10, 28, 36, 26], 0.3814, 1
PEPNR00000000695, [7, 7, 7, 13], 0.0855, 1
PEPNR00000000696, [7, 8, 14, 17], 0.2276, 1
PEPNR00000000697, [4, 9, 8, 12], 0.1207, 1
PEPNR00000000698, [0, 1, 8, 29], 0.0261, 1
PEPNR00000000699, [0, 5, 9, 66], 0.2983, 1
PEPNR00000000702, [6, 8, 5, 7], 0.2757, 1
PEPNR00000000703, [1, 6, 10, 67], 0.3604, 1
PEPNR00000000704, [2, 8, 12, 7], 0.1819, 1
PEPNR00000000705, [2, 8, 5, 9], 0.2318, 1
PEPNR00000000707, [21, 1, 2, 0], 0.2402, 0
PEPNR00000000708, [2, 7, 9, 3], 0.4191, 1
PEPNR00000000709, [1, 2, 14, 44], 0.3068, 1
PEPNR00000000710, [5, 4, 9, 59], 0.3287, 1
PEPNR00000000711, [2, 4, 11, 59], 0.3679, 1
PEPNR00000000712, [1, 6, 8, 13], 0.4234, 1
PEPNR00000000713, [3, 7, 6, 15], 0.2347, 1
PEPNR00000000714, [10, 3, 0, 0], 0.0919, 0
PEPNR00000000717, [0, 1, 9, 38], 0.2896, 1
PEPNR00000000719, [1, 4, 13, 42], 0.322, 1
PEPNR00000000721, [0, 2, 8, 38], 0.3854, 1
PEPNR00000000722, [3, 6, 12, 40], 0.3627, 1
PEPNR00000000723, [0, 5, 6, 15], 0.389, 1
PEPNR00000000724, [5, 2, 22, 40], 0.3639, 1
PEPNR00000000727, [0, 9, 8, 15], 0.2705, 1
PEPNR00000000728, [1, 2, 13, 59], 0.354, 1
PEPNR00000000730, [3, 8, 11, 12], 0.4179, 1
PEPNR00000000731, [1, 4, 7, 35], 0.3535, 1
PEPNR00000000732, [2, 5, 8, 11], 0.4033, 1
PEPNR00000000734, [3, 5, 8, 27], 0.3895, 1
PEPNR00000000735, [2, 7, 10, 63], 0.3526, 1
PEPNR00000000737, [1, 7, 6, 10], 0.1816, 1
PEPNR00000000742, [7, 7, 6, 11], 0.2321, 1
PEPNR00000000745, [0, 2, 4, 54], 0.3606, 1
PEPNR00000000746, [0, 0, 8, 44], 0.3534, 1
PEPNR00000000747, [3, 2, 12, 28], 0.376, 1
PEPNR00000000748, [9, 17, 15, 11], 0.4888, 1
PEPNR00000000749, [7, 10, 4, 12], 0.3038, 1
PEPNR00000000751, [10, 4, 3, 13], 0.2545, 1
PEPNR00000000752, [3, 4, 4, 33], 0.3739, 1
PEPNR00000000754, [1, 1, 14, 60], 0.3123, 1
PEPNR00000000756, [1, 0, 7, 30], 0.2745, 1
PEPNR00000000758, [3, 7, 3, 17], 0.242, 1
PEPNR00000000759, [2, 7, 12, 21], 0.2381, 1
PEPNR00000000763, [6, 11, 23, 40], 0.2103, 1
PEPNR00000000765, [5, 6, 10, 14], 0.1843, 1
PEPNR00000000767, [7, 1, 0, 0], 0.2123, 0
PEPNR00000000768, [10, 2, 0, 0], 0.2618, 0
PEPNR00000000770, [1, 4, 8, 43], 0.2891, 1
PEPNR00000000771, [4, 2, 5, 33], 0.3518, 1
PEPNR00000000772, [4, 9, 9, 7], 0.4854, 1
PEPNR00000000773, [1, 1, 12, 46], 0.293, 1
PEPNR00000000774, [2, 6, 11, 58], 0.343, 1
PEPNR00000000775, [5, 2, 4, 5], 0.2635, 0
PEPNR00000000780, [8, 6, 13, 14], 0.2393, 1
PEPNR00000000782, [7, 9, 11, 17], 0.2685, 1
PEPNR00000000785, [4, 4, 7, 10], 0.1934, 1
PEPNR00000000788, [3, 6, 7, 65], 0.3565, 1
PEPNR00000000791, [6, 1, 7, 10], 0.2387, 1
PEPNR00000000796, [0, 3, 17, 36], 0.2945, 1
PEPNR00000000797, [1, 4, 9, 56], 0.3646, 1
PEPNR00000000798, [1, 7, 7, 55], 0.3646, 1
PEPNR00000000800, [2, 8, 4, 10], 0.2841, 1
PEPNR00000000802, [3, 7, 8, 18], 0.2453, 1
PEPNR00000000804, [2, 0, 12, 37], 0.3559, 1
PEPNR00000000807, [6, 4, 8, 5], 0.1629, 0
PEPNR00000000808, [2, 5, 12, 28], 0.3553, 1
PEPNR00000000810, [1, 3, 7, 28], 0.3875, 1
PEPNR00000000813, [8, 11, 3, 2], 0.5391, 0
PEPNR00000000815, [2, 6, 6, 12], 0.1618, 1
PEPNR00000000816, [0, 5, 8, 11], 0.1667, 1
PEPNR00000000817, [1, 0, 10, 42], 0.4377, 1
PEPNR00000000820, [0, 2, 12, 30], 0.4076, 1
PEPNR00000000821, [4, 1, 9, 46], 0.3109, 1
PEPNR00000000822, [9, 5, 5, 3], 0.1177, 0
PEPNR00000000823, [6, 13, 11, 8], 0.1333, 1
PEPNR00000000824, [1, 0, 7, 33], 0.3798, 1
PEPNR00000000826, [3, 5, 6, 38], 0.3102, 1
PEPNR00000000830, [2, 7, 6, 15], 0.1683, 1
PEPNR00000000831, [2, 5, 4, 16], 0.4114, 1
PEPNR00000000834, [1, 1, 6, 51], 0.3365, 1
PEPNR00000000835, [0, 3, 16, 52], 0.3314, 1
PEPNR00000000836, [2, 2, 12, 47], 0.3372, 1
PEPNR00000000838, [2, 7, 11, 42], 0.3615, 1
PEPNR00000000840, [2, 1, 11, 41], 0.3717, 1
PEPNR00000000841, [12, 7, 5, 12], 0.127, 0
PEPNR00000000844, [2, 18, 21, 39], 0.178, 1
PEPNR00000000850, [4, 16, 11, 16], 0.1202, 1
PEPNR00000000851, [1, 2, 7, 23], 0.3091, 1
PEPNR00000000858, [2, 3, 7, 10], 0.249, 1
PEPNR00000000861, [9, 13, 13, 14], 0.1272, 1
PEPNR00000000863, [3, 7, 9, 20], 0.1739, 1
PEPNR00000000867, [3, 0, 4, 30], 0.3623, 1
PEPNR00000000868, [5, 7, 2, 12], 0.1788, 1
PEPNR00000000871, [3, 7, 5, 33], 0.3531, 1
PEPNR00000000874, [3, 4, 13, 38], 0.3114, 1
PEPNR00000000876, [0, 2, 8, 34], 0.3639, 1
PEPNR00000000877, [6, 4, 6, 14], 0.3289, 1
PEPNR00000000879, [0, 3, 3, 38], 0.417, 1
PEPNR00000000880, [4, 14, 3, 8], 0.2636, 1
PEPNR00000000882, [7, 5, 7, 6], 0.4471, 1
PEPNR00000000885, [2, 6, 6, 8], 0.149, 1
PEPNR00000000886, [2, 2, 7, 27], 0.422, 1
PEPNR00000000887, [1, 4, 5, 32], 0.3578, 1
PEPNR00000000890, [1, 5, 7, 30], 0.3338, 1
PEPNR00000000891, [2, 9, 1, 34], 0.3665, 1
PEPNR00000000892, [1, 3, 7, 28], 0.3533, 1
PEPNR00000000893, [6, 4, 8, 12], 0.062, 1
PEPNR00000000897, [5, 4, 6, 13], 0.1539, 1
PEPNR00000000898, [1, 6, 9, 9], 0.39, 1
PEPNR00000000899, [6, 3, 8, 28], 0.337, 1
PEPNR00000000904, [1, 4, 3, 33], 0.3794, 1
PEPNR00000000906, [0, 4, 9, 42], 0.29, 1
PEPNR00000000907, [2, 3, 9, 33], 0.3615, 1
PEPNR00000000909, [5, 2, 7, 33], 0.3335, 1
PEPNR00000000910, [11, 9, 2, 4], 0.1376, 0
PEPNR00000000912, [0, 2, 2, 34], 0.3154, 1
PEPNR00000000913, [2, 6, 2, 6], 0.1742, 1
PEPNR00000000915, [3, 2, 8, 8], 0.148, 1
PEPNR00000000918, [2, 4, 2, 36], 0.3638, 1
PEPNR00000000920, [2, 11, 8, 5], 0.1478, 1
PEPNR00000000932, [3, 2, 6, 35], 0.3759, 1
PEPNR00000000933, [5, 14, 5, 6], 0.1545, 1
PEPNR00000000939, [2, 3, 2, 14], 0.241, 1
PEPNR00000000941, [1, 1, 3, 31], 0.3499, 1
PEPNR00000000942, [9, 2, 0, 0], 0.3023, 0
PEPNR00000000943, [3, 4, 10, 5], 0.4643, 0
PEPNR00000000946, [1, 0, 13, 35], 0.366, 1
PEPNR00000000951, [2, 9, 10, 6], 0.3719, 1
PEPNR00000000955, [0, 2, 3, 26], 0.3751, 1
PEPNR00000000957, [0, 2, 4, 34], 0.4023, 1
PEPNR00000000961, [0, 1, 5, 19], 0.3662, 1
PEPNR00000000962, [0, 3, 3, 25], 0.3367, 1
PEPNR00000000968, [0, 0, 8, 17], 0.0385, 1
PEPNR00000000969, [3, 3, 9, 61], 0.3633, 1
PEPNR00000000981, [1, 1, 4, 27], 0.3747, 1
PEPNR00000000983, [1, 6, 6, 10], 0.1986, 1
PEPNR00000000991, [5, 2, 7, 20], 0.0467, 1
PEPNR00000000992, [1, 4, 7, 10], 0.4432, 1
PEPNR00000000994, [4, 4, 7, 10], 0.1487, 1
PEPNR00000001006, [0, 1, 4, 37], 0.3655, 1
PEPNR00000001008, [5, 6, 8, 6], 0.2739, 1
PEPNR00000001012, [14, 14, 9, 6], 0.1319, 0
PEPNR00000001016, [0, 2, 6, 23], 0.3331, 1
PEPNR00000001017, [4, 6, 7, 15], 0.1843, 1
PEPNR00000001020, [0, 2, 4, 33], 0.3647, 1
PEPNR00000001033, [1, 3, 5, 25], 0.2956, 1
PEPNR00000001034, [8, 8, 1, 2], 0.4546, 0
PEPNR00000001042, [3, 1, 9, 22], 0.3577, 1
PEPNR00000001048, [0, 1, 7, 22], 0.379, 1
PEPNR00000001049, [2, 10, 1, 4], 0.2021, 1
PEPNR00000001079, [3, 1, 3, 23], 0.3442, 1
PEPNR00000001082, [4, 5, 14, 28], 0.2941, 1
PEPNR00000001084, [1, 4, 9, 43], 0.3077, 1
PEPNR00000001092, [0, 3, 13, 53], 0.3753, 1
PEPNR00000001095, [0, 5, 10, 11], 0.3044, 1
PEPNR00000001100, [5, 10, 3, 0], 0.1469, 0
PEPNR00000001103, [0, 3, 9, 40], 0.3751, 1
PEPNR00000001105, [1, 3, 8, 23], 0.3243, 1
PEPNR00000001124, [1, 3, 6, 5], 0.0213, 1
PEPNR00000001140, [6, 4, 8, 4], 0.1378, 0
PEPNR00000001142, [2, 3, 5, 9], 0.3452, 1
PEPNR00000001145, [1, 2, 1, 8], 0.1784, 1
PEPNR00000001150, [3, 4, 5, 11], 0.1526, 1
PEPNR00000001154, [4, 4, 10, 6], 0.3432, 1
PEPNR00000001155, [3, 5, 8, 4], 0.529, 1
PEPNR00000001159, [2, 9, 3, 14], 0.2328, 1
PEPNR00000001162, [1, 6, 5, 9], 0.4167, 1
PEPNR00000001165, [7, 4, 0, 2], 0.1591, 1
PEPNR00000001166, [12, 7, 10, 18], 0.2981, 1
PEPNR00000001172, [1, 0, 3, 22], 0.421, 1
PEPNR00000001176, [1, 3, 9, 13], 0.0762, 1
PEPNR00000001181, [2, 1, 4, 11], 0.2393, 1
PEPNR00000001198, [0, 3, 11, 5], 0.3797, 1
PEPNR00000001205, [1, 0, 4, 27], 0.2471, 1
PEPNR00000001212, [3, 3, 4, 12], 0.3996, 1
PEPNR00000001222, [2, 4, 8, 34], 0.3208, 1
PEPNR00000001232, [2, 3, 5, 15], 0.4297, 1
PEPNR00000001235, [2, 13, 14, 29], 0.2491, 1
PEPNR00000001250, [0, 1, 5, 29], 0.4099, 1
PEPNR00000001266, [3, 4, 11, 7], 0.2665, 1
PEPNR00000001296, [2, 3, 6, 10], 0.1611, 1
PEPNR00000001302, [0, 0, 5, 20], 0.364, 1
PEPNR00000001308, [0, 2, 4, 22], 0.3873, 1
PEPNR00000001312, [0, 1, 5, 27], 0.3368, 1
PEPNR00000001316, [1, 2, 7, 26], 0.3516, 1
PEPNR00000001319, [0, 1, 6, 35], 0.3567, 1
PEPNR00000001329, [4, 2, 10, 12], 0.1109, 1
PEPNR00000001335, [1, 0, 6, 23], 0.4113, 1
PEPNR00000001346, [2, 2, 3, 11], 0.3708, 1
PEPNR00000001365, [3, 0, 7, 4], 0.231, 1
PEPNR00000001379, [0, 3, 1, 11], 0.2378, 1
PEPNR00000001384, [6, 10, 7, 13], 0.2852, 1
PEPNR00000001396, [2, 4, 4, 12], 0.1039, 1
PEPNR00000001398, [2, 10, 4, 3], 0.2567, 1
PEPNR00000001406, [0, 2, 7, 33], 0.2842, 1
PEPNR00000001411, [1, 1, 7, 11], 0.1784, 1
PEPNR00000001442, [0, 3, 8, 5], 0.3844, 1
PEPNR00000001447, [0, 3, 2, 20], 0.3553, 1
PEPNR00000001468, [2, 10, 1, 3], 0.3712, 1
PEPNR00000001478, [2, 0, 4, 17], 0.3434, 1
PEPNR00000001483, [1, 11, 2, 12], 0.1755, 1
PEPNR00000001487, [0, 0, 6, 18], 0.3733, 1
PEPNR00000001488, [1, 1, 4, 22], 0.2941, 1
PEPNR00000001489, [2, 6, 1, 1], 0.2623, 1
PEPNR00000001492, [4, 17, 9, 10], 0.3397, 1
PEPNR00000001505, [1, 2, 4, 39], 0.3457, 1
PEPNR00000001509, [0, 2, 5, 14], 0.3447, 1
PEPNR00000001512, [4, 4, 1, 12], 0.3052, 1
PEPNR00000001521, [0, 1, 3, 21], 0.4057, 1
PEPNR00000001540, [0, 0, 1, 14], 0.3876, 1
PEPNR00000001542, [8, 3, 0, 0], 0.2571, 1
PEPNR00000001548, [0, 2, 3, 25], 0.3566, 1
PEPNR00000001551, [1, 1, 2, 10], 0.1628, 1
PEPNR00000001557, [1, 0, 3, 20], 0.2837, 1
PEPNR00000001565, [1, 2, 8, 28], 0.3332, 1
PEPNR00000001572, [5, 8, 3, 2], 0.2231, 1
PEPNR00000001576, [1, 2, 6, 32], 0.3742, 1
PEPNR00000001579, [4, 6, 1, 2], 0.1494, 1
PEPNR00000001596, [2, 11, 3, 2], 0.1651, 1
PEPNR00000001614, [1, 0, 2, 18], 0.2895, 1
PEPNR00000001618, [1, 1, 8, 11], 0.2958, 1
PEPNR00000001621, [1, 3, 0, 16], 0.3788, 1
PEPNR00000001628, [2, 11, 7, 24], 0.1782, 1
PEPNR00000001632, [1, 1, 7, 23], 0.3747, 1
PEPNR00000001650, [0, 2, 5, 27], 0.3662, 1
PEPNR00000001652, [2, 1, 1, 18], 0.358, 1
PEPNR00000001676, [0, 1, 4, 18], 0.4155, 1
PEPNR00000001689, [4, 14, 8, 12], 0.3048, 1
PEPNR00000001701, [1, 1, 4, 26], 0.4085, 1
PEPNR00000001735, [5, 11, 9, 25], 0.2893, 1
PEPNR00000001756, [3, 2, 7, 3], 0.1163, 1
PEPNR00000001758, [1, 2, 1, 21], 0.3645, 1
PEPNR00000001769, [1, 4, 1, 22], 0.4148, 1
PEPNR00000001772, [0, 17, 10, 19], 0.1552, 1
PEPNR00000001783, [0, 2, 4, 22], 0.3653, 1
PEPNR00000001784, [0, 1, 3, 25], 0.3394, 1
PEPNR00000001787, [2, 4, 4, 8], 0.1201, 1
PEPNR00000001794, [0, 2, 3, 23], 0.3444, 1
PEPNR00000001836, [1, 4, 4, 38], 0.3069, 1
PEPNR00000001841, [1, 4, 3, 13], 0.3641, 1
PEPNR00000001843, [4, 5, 4, 11], 0.4019, 1
PEPNR00000001856, [1, 0, 9, 7], 0.4032, 1
PEPNR00000001858, [0, 4, 7, 5], 0.1381, 1
PEPNR00000001871, [2, 1, 1, 24], 0.3599, 1
PEPNR00000001875, [0, 1, 4, 17], 0.3581, 1
PEPNR00000001887, [0, 2, 2, 25], 0.3456, 1
PEPNR00000001900, [0, 0, 3, 17], 0.3068, 1
PEPNR00000001943, [0, 2, 5, 19], 0.4068, 1
PEPNR00000001964, [3, 1, 0, 6], 0.2146, 1
PEPNR00000001987, [0, 3, 3, 17], 0.3149, 1
PEPNR00000001989, [2, 5, 2, 12], 0.2715, 1
PEPNR00000001998, [8, 2, 0, 0], 0.2162, 1
PEPNR00000002002, [0, 0, 5, 17], 0.379, 1
PEPNR00000002021, [1, 0, 5, 12], 0.186, 1
PEPNR00000002036, [3, 7, 4, 7], 0.2639, 1
PEPNR00000002047, [0, 2, 6, 23], 0.3509, 1
PEPNR00000002063, [1, 0, 0, 15], 0.3102, 1
PEPNR00000002106, [1, 3, 0, 7], 0.2153, 1
PEPNR00000002117, [2, 8, 5, 2], 0.1585, 1
PEPNR00000002122, [0, 0, 3, 25], 0.4165, 1
PEPNR00000002134, [0, 1, 3, 25], 0.3508, 1
PEPNR00000002136, [0, 0, 2, 7], 0.1613, 1
PEPNR00000002151, [1, 1, 7, 25], 0.3734, 1
PEPNR00000002177, [1, 1, 1, 16], 0.3593, 1
PEPNR00000002206, [0, 0, 2, 18], 0.4226, 1
PEPNR00000002208, [2, 10, 1, 3], 0.5017, 1
PEPNR00000002229, [0, 0, 5, 19], 0.3152, 1
PEPNR00000002264, [2, 9, 2, 0], 0.1331, 1
PEPNR00000002270, [0, 2, 4, 23], 0.381, 1
PEPNR00000002352, [0, 1, 2, 12], 0.3598, 1
PEPNR00000002369, [2, 2, 5, 7], 0.1524, 1
PEPNR00000002422, [0, 2, 3, 14], 0.2838, 1
PEPNR00000002431, [0, 0, 3, 17], 0.2846, 1
PEPNR00000002445, [2, 1, 5, 18], 0.3553, 1
PEPNR00000002450, [0, 1, 9, 13], 0.361, 1
PEPNR00000002480, [0, 1, 6, 20], 0.3442, 1
PEPNR00000002484, [7, 7, 2, 2], 0.1613, 1
PEPNR00000002528, [1, 0, 1, 9], 0.3885, 1
PEPNR00000002547, [2, 2, 2, 11], 0.1595, 1
PEPNR00000002548, [3, 11, 3, 3], 0.1652, 1
PEPNR00000002568, [0, 0, 3, 22], 0.3109, 1
PEPNR00000002575, [1, 1, 3, 16], 0.3219, 1
PEPNR00000002601, [2, 1, 6, 25], 0.3541, 1
PEPNR00000002613, [2, 1, 5, 25], 0.3114, 1
PEPNR00000002651, [4, 2, 1, 7], 0.2362, 1
PEPNR00000002653, [1, 1, 0, 7], 0.406, 1
PEPNR00000002659, [0, 3, 6, 18], 0.3665, 1
PEPNR00000002687, [1, 0, 2, 13], 0.2898, 1
PEPNR00000002689, [0, 0, 2, 15], 0.2916, 1
PEPNR00000002758, [3, 2, 4, 5], 0.1453, 1
PEPNR00000002768, [1, 3, 7, 18], 0.374, 1
PEPNR00000002805, [0, 2, 3, 21], 0.2867, 1
PEPNR00000002829, [0, 2, 4, 14], 0.3596, 1
PEPNR00000002838, [0, 1, 4, 14], 0.3595, 1
PEPNR00000002856, [0, 3, 2, 23], 0.3543, 1
PEPNR00000002893, [0, 2, 5, 11], 0.3707, 1
PEPNR00000002894, [0, 0, 2, 14], 0.3747, 1
PEPNR00000002920, [0, 4, 0, 21], 0.2944, 1
PEPNR00000002922, [1, 0, 2, 17], 0.3646, 1
PEPNR00000002923, [1, 2, 3, 15], 0.3106, 1
PEPNR00000002951, [0, 0, 4, 19], 0.3353, 1
PEPNR00000002952, [0, 0, 2, 17], 0.2881, 1
PEPNR00000002963, [0, 4, 2, 14], 0.3613, 1
PEPNR00000002980, [3, 7, 10, 13], 0.2729, 1
PEPNR00000003023, [1, 0, 3, 21], 0.3468, 1
PEPNR00000003035, [0, 2, 3, 15], 0.3584, 1
PEPNR00000003091, [0, 1, 1, 8], 0.1093, 1
PEPNR00000003122, [0, 0, 4, 15], 0.3398, 1
PEPNR00000003146, [1, 0, 2, 13], 0.403, 1
PEPNR00000003237, [1, 3, 9, 7], 0.4692, 1
PEPNR00000003256, [1, 1, 0, 18], 0.3436, 1
PEPNR00000003279, [0, 1, 1, 11], 0.3596, 1
PEPNR00000003309, [1, 0, 4, 14], 0.4032, 1
PEPNR00000003336, [4, 0, 1, 16], 0.3575, 1
PEPNR00000003340, [0, 0, 4, 17], 0.3622, 1
PEPNR00000003345, [0, 0, 3, 16], 0.3128, 1
PEPNR00000003466, [1, 3, 2, 17], 0.3435, 1
PEPNR00000003474, [0, 4, 11, 7], 0.4725, 1
PEPNR00000003503, [0, 0, 8, 18], 0.3116, 1
PEPNR00000003560, [0, 0, 5, 13], 0.2665, 1
PEPNR00000003563, [1, 0, 4, 16], 0.3191, 1
PEPNR00000003686, [1, 0, 3, 13], 0.3532, 1
PEPNR00000003688, [1, 1, 4, 16], 0.381, 1
PEPNR00000003722, [10, 6, 6, 10], 0.4372, 1
PEPNR00000003760, [1, 2, 6, 20], 0.3647, 1
PEPNR00000003792, [0, 3, 2, 7], 0.1777, 1
PEPNR00000004116, [1, 2, 6, 17], 0.3445, 1
PEPNR00000004215, [0, 2, 0, 12], 0.3449, 1
PEPNR00000004216, [0, 3, 2, 19], 0.3459, 1
PEPNR00000004218, [0, 1, 2, 20], 0.3736, 1
PEPNR00000004259, [3, 0, 2, 14], 0.3655, 1
PEPNR00000004268, [2, 3, 7, 3], 0.1285, 1
PEPNR00000004302, [0, 2, 0, 6], 0.2932, 1
PEPNR00000004303, [1, 0, 1, 10], 0.401, 1
PEPNR00000004348, [0, 0, 5, 10], 0.3639, 1
PEPNR00000004457, [1, 0, 5, 7], 0.1552, 1
PEPNR00000004583, [2, 8, 5, 11], 0.1166, 1
PEPNR00000004637, [1, 3, 1, 9], 0.3007, 1
PEPNR00000004660, [3, 6, 0, 3], 0.3098, 1
PEPNR00000004931, [0, 2, 2, 12], 0.3942, 1
PEPNR00000005043, [0, 0, 6, 10], 0.1263, 1
PEPNR00000005056, [0, 1, 9, 17], 0.3744, 1
PEPNR00000005127, [0, 0, 2, 15], 0.3183, 1
PEPNR00000005247, [0, 1, 3, 11], 0.3424, 1
PEPNR00000005249, [0, 0, 2, 14], 0.4076, 1
PEPNR00000005337, [0, 0, 4, 28], 0.3347, 1
PEPNR00000005367, [1, 1, 2, 17], 0.3686, 1
PEPNR00000005409, [0, 1, 3, 18], 0.3683, 1
PEPNR00000005548, [0, 1, 2, 16], 0.3802, 1
PEPNR00000005602, [1, 0, 2, 10], 0.3798, 1
PEPNR00000005607, [1, 6, 1, 0], 0.1068, 1
PEPNR00000005619, [3, 2, 3, 11], 0.1775, 1
PEPNR00000005828, [0, 2, 1, 17], 0.3424, 1
PEPNR00000006125, [0, 3, 1, 14], 0.3377, 1
PEPNR00000006227, [0, 0, 3, 14], 0.3465, 1
PEPNR00000006634, [0, 1, 2, 14], 0.356, 1
PEPNR00000006745, [0, 5, 2, 0], 0.1648, 1
PEPNR00000006969, [1, 7, 6, 0], 0.0636, 1
PEPNR00000006985, [0, 7, 1, 0], 0.2324, 1
PEPNR00000007758, [5, 0, 1, 0], 0.0669, 1
PEPNR00000007812, [0, 0, 3, 14], 0.3136, 1
PEPNR00000008293, [0, 0, 3, 22], 0.3113, 1
PEPNR00000009295, [2, 1, 2, 12], 0.0661, 1
PEPNR00000009308, [0, 1, 4, 13], 0.3922, 1
PEPNR00000009362, [0, 0, 0, 6], 0.2515, 1
PEPNR00000009947, [1, 8, 2, 5], 0.2108, 1
PEPNR00000011070, [6, 3, 0, 0], 0.4875, 1
PEPNR00000011375, [0, 3, 0, 8], 0.6055, 1
PEPNR00000012151, [6, 0, 0, 0], 0.1211, 1
PEPNR00000014476, [0, 6, 2, 0], 0.0797, 1
PEPNR00000014875, [0, 2, 2, 10], 0.3646, 1
PEPNR00000015037, [0, 0, 2, 11], 0.3326, 1
PEPNR00000015653, [14, 6, 5, 8], 0.1818, 1
PEPNR00000016460, [0, 2, 2, 16], 0.3609, 1
PEPNR00000017103, [0, 0, 1, 10], 0.373, 1
PEPNR00000018493, [1, 0, 0, 7], 0.5688, 1
PEPNR00000021984, [1, 1, 2, 6], 0.0288, 1
PEPNR00000022356, [0, 0, 2, 9], 0.3749, 1
PEPNR00000023830, [5, 1, 1, 0], 0.3628, 1
PEPNR00000025479, [7, 0, 0, 0], 0.1395, 1
PEPNR00000041157, [0, 0, 0, 6], 0.5075, 1
PEPNR00000045031, [1, 0, 1, 5], 0.1472, 1
PEPNR00000052516, [0, 0, 0, 5], 0.0791, 1
PEPNR00000059723, [0, 0, 1, 8], 0.2589, 1
PEPNR00000078909, [0, 1, 0, 5], 0.5442, 1
PEPNR00001749275, [5, 0, 0, 0], 0.1485, 1
