0.4795
0.4126
0.1813
0.1464
0.1674
0.2869
0.4452
0.1586
0.1423
0.2151
0.272
0.1446
0.2495
0.2178
0.2148
0.2336
0.0844
0.1526
0.2106
0.2042
0.5404
0.3445
0.2335
0.1162
0.0665
0.2488
0.151
0.1336
0.2995
0.3856
0.071
0.1389
0.2475
0.23
0.1505
0.2378
0.3865
0.2951
0.1862
0.2609
0.0723
0.4137
0.2885
0.2614
0.3002
0.2369
0.0851
0.1514
0.2382
0.4525
0.4039
0.1643
0.1139
0.3279
0.2307
0.4306
0.0753
0.1362
0.3715
0.1567
0.469
0.0593
0.2313
0.0817
0.2027
0.2022
0.2988
0.1152
0.4679
0.0808
0.1554
0.2554
0.1192
0.0432
0.3004
0.1409
0.2272
0.1944
0.3642
0.1223
0.6453
0.0685
0.1544
0.3184
0.1533
0.3411
0.0684
0.1958
0.3427
0.16
0.0756
0.1385
0.1066
0.1867
0.1576
0.1074
0.1256
0.5686
0.4314
0.0358
0.1187
0.3834
0.4361
0.308
0.0654
0.1107
0.0307
0.5402
0.2359
0.4237
0.1074
0.1475
0.2481
0.1962
0.3144
0.2696
0.1966
0.2138
0.2134
0.2463
0.3675
0.2391
0.0307
0.1425
0.2357
0.0822
0.065
0.2671
0.4451
0.0876
0.1176
0.1909
0.3879
0.0625
0.2449
0.3921
0.0845
0.1885
0.0617
0.1809
0.199
0.229
0.4634
0.2631
0.1306
0.3141
0.2739
0.224
0.0161
0.4214
0.3161
0.071
0.3265
0.4277
0.3145
0.1192
0.271
0.1507
0.3452
0.2501
0.126
0.2763
0.2086
0.307
0.1378
0.2891
0.441
0.3074
0.0352
0.1372
0.13
0.263
0.0243
0.1915
0.3354
0.1612
0.1172
0.1118
0.224
0.2017
0.3461
0.1293
0.518
0.1892
0.2493
0.38
0.1009
0.1184
0.2357
0.0779
0.2868
0.0663
0.1202
0.1939
0.4429
0.1882
0.0961
0.1197
0.2632
0.0496
0.329
0.1042
0.208
0.1345
0.3147
0.1095
0.1141
0.3303
0.3239
0.3448
0.4561
0.0593
0.2988
0.0744
0.0496
0.3077
0.0926
0.2185
0.0744
0.0782
0.1601
0.3581
0.3964
0.2067
0.0589
0.2446
0.1309
0.3881
0.1415
0.478
0.1313
0.2729
0.408
0.2204
0.0487
0.0611
0.1797
0.1667
0.4352
0.2449
0.1885
0.4695
0.1123
0.1316
0.4359
0.241
0.1802
0.0457
0.2621
0.1051
0.1465
0.4325
0.3183
0.0471
0.2732
0.0751
0.1918
0.2786
0.1483
0.0821
0.1353
0.0615
0.1174
0.3666
0.3875
0.3445
0.5461
0.4004
0.0958
0.2784
0.229
0.2406
0.0587
0.1265
0.0327
0.4407
0.1422
0.2017
0.2447
0.245
0.0488
0.038
0.06
0.1593
0.2092
0.1962
0.2759
0.2666
0.1666
0.1319
0.1268
0.2304
0.2839
0.2664
0.2715
0.112
0.1369
0.2188
0.2233
0.1038
0.0312
0.2372
0.0695
0.3336
0.2098
0.104
0.2446
0.2428
0.1072
0.1668
0.3365
0.1699
0.251
0.1566
0.0633
0.3787
0.202
0.0635
0.2026
0.0896
0.0781
0.2389
0.195
0.1423
0.2299
0.2023
0.3102
0.0924
0.2308
0.0446
0.2323
0.4202
0.3256
0.2513
0.1056
0.5527
0.2047
0.3008
0.0649
0.1092
0.4284
0.4914
0.1925
0.4311
0.1344
0.0294
0.1642
0.1659
0.2659
0.374
0.2656
0.2135
0.4375
0.1243
0.1413
0.0803
0.1097
0.2603
0.1592
0.0815
0.1053
0.2009
0.2094
0.031
0.4377
0.1483
0.4957
0.1357
0.1182
0.1534
0.225
0.1217
0.0728
0.0951
0.3127
0.1497
0.2908
0.4004
0.5347
0.3738
0.0495
0.1529
0.1196
0.1046
0.2688
0.1296
0.1906
0.1482
0.2551
0.3391
0.1614
0.1481
0.2151
0.0908
0.055
0.4296
0.1058
0.0743
0.1149
0.4508
0.4404
0.1416
0.4615
0.3082
0.1176
0.122
0.233
0.0704
0.0717
0.1034
0.4525
0.2677
0.1686
0.1195
0.1994
0.0354
0.304
0.024
0.311
0.0728
0.111
0.0658
0.1607
0.1514
0.2397
0.3561
0.0761
0.3437
0.3567
0.1236
0.2324
0.3652
0.4445
0.2572
0.2311
0.4034
0.1871
0.1834
0.1093
0.314
0.4047
0.1799
0.2816
0.341
0.2277
0.2083
0.1179
0.4248
0.2555
0.1866
0.0342
0.0726
0.2239
0.33
0.123
0.0376
0.3123
0.0934
0.1553
0.2471
0.3819
0.2899
0.0607
0.1333
0.1611
0.1034
0.5719
0.2177
0.472
0.0525
0.3352
0.3322
0.1644
0.4039
0.1872
0.2604
0.1998
0.2635
0.2774
0.1259
0.2561
0.1458
0.1483
0.1672
0.2697
0.1524
0.1287
0.2641
0.2109
0.2753
0.3199
0.2674
0.3038
0.1067
0.307
0.4201
0.2505
0.2851
0.1617
0.1576
0.1745
0.2842
0.2792
0.0575
0.1306
0.1431
0.0511
0.0717
0.4008
0.016
0.0453
0.1724
0.1801
0.0717
0.2851
0.274
0.4065
0.0368
0.3314
0.2365
0.2462
0.3138
0.2315
0.2261
0.0454
0.0566
0.2634
0.1169
0.3631
0.043
0.1227
0.1234
0.3158
0.2029
0.0128
0.4961
0.2323
0.4391
0.0555
0.1431
0.2499
0.4278
0.1255
0.0547
0.0921
0.2785
0.3906
0.1206
0.4221
0.0568
0.0902
0.0464
0.1184
0.245
0.05
0.1435
0.252
0.0463
0.0404
0.3861
0.2382
0.2736
0.5286
0.0333
0.0157
0.1558
0.3747
0.0637
0.3895
0.2383
0.0655
0.2948
0.0784
0.2871
0.0896
0.2427
0.0386
0.2197
0.3476
0.315
0.1354
0.2246
0.1351
0.0628
0.0564
0.5588
0.2935
0.0768
0.1011
0.2708
0.0954
0.4254
0.4914
0.2069
0.0611
0.1342
0.0967
0.0684
0.3653
0.041
0.057
0.0921
0.1867
0.3604
0.3192
0.218
0.1487
0.3536
0.3025
0.2701
0.0255
0.1517
0.2262
0.3378
0.0555
0.3638
0.4191
0.3611
0.3656
0.1378
0.1304
0.2925
0.408
0.4288
0.1323
0.2407
0.289
0.3679
0.4056
0.42
0.0756
0.1987
0.1427
0.3667
0.375
0.1222
0.2851
0.1391
0.1752
0.3639
0.3179
0.3654
0.1693
0.3291
0.2689
0.1972
0.3497
0.2872
0.3661
0.1592
0.2524
0.3477
0.2161
0.0741
0.3148
0.358
0.2354
0.0803
0.3444
0.1389
0.0358
0.2733
0.332
0.3375
0.3316
0.3477
0.3586
0.3595
0.2899
0.2054
0.3343
0.3812
0.3633
0.3653
0.3814
0.0855
0.2276
0.1207
0.0261
0.2983
0.2757
0.3604
0.1819
0.2318
0.2402
0.4191
0.3068
0.3287
0.3679
0.4234
0.2347
0.0919
0.2896
0.322
0.3854
0.3627
0.389
0.3639
0.2705
0.354
0.4179
0.3535
0.4033
0.3895
0.3526
0.1816
0.2321
0.3606
0.3534
0.376
0.4888
0.3038
0.2545
0.3739
0.3123
0.2745
0.242
0.2381
0.2103
0.1843
0.2123
0.2618
0.2891
0.3518
0.4854
0.293
0.343
0.2635
0.2393
0.2685
0.1934
0.3565
0.2387
0.2945
0.3646
0.3646
0.2841
0.2453
0.3559
0.1629
0.3553
0.3875
0.5391
0.1618
0.1667
0.4377
0.4076
0.3109
0.1177
0.1333
0.3798
0.3102
0.1683
0.4114
0.3365
0.3314
0.3372
0.3615
0.3717
0.127
0.178
0.1202
0.3091
0.249
0.1272
0.1739
0.3623
0.1788
0.3531
0.3114
0.3639
0.3289
0.417
0.2636
0.4471
0.149
0.422
0.3578
0.3338
0.3665
0.3533
0.062
0.1539
0.39
0.337
0.3794
0.29
0.3615
0.3335
0.1376
0.3154
0.1742
0.148
0.3638
0.1478
0.3759
0.1545
0.241
0.3499
0.3023
0.4643
0.366
0.3719
0.3751
0.4023
0.3662
0.3367
0.0385
0.3633
0.3747
0.1986
0.0467
0.4432
0.1487
0.3655
0.2739
0.1319
0.3331
0.1843
0.3647
0.2956
0.4546
0.3577
0.379
0.2021
0.3442
0.2941
0.3077
0.3753
0.3044
0.1469
0.3751
0.3243
0.0213
0.1378
0.3452
0.1784
0.1526
0.3432
0.529
0.2328
0.4167
0.1591
0.2981
0.421
0.0762
0.2393
0.3797
0.2471
0.3996
0.3208
0.4297
0.2491
0.4099
0.2665
0.1611
0.364
0.3873
0.3368
0.3516
0.3567
0.1109
0.4113
0.3708
0.231
0.2378
0.2852
0.1039
0.2567
0.2842
0.1784
0.3844
0.3553
0.3712
0.3434
0.1755
0.3733
0.2941
0.2623
0.3397
0.3457
0.3447
0.3052
0.4057
0.3876
0.2571
0.3566
0.1628
0.2837
0.3332
0.2231
0.3742
0.1494
0.1651
0.2895
0.2958
0.3788
0.1782
0.3747
0.3662
0.358
0.4155
0.3048
0.4085
0.2893
0.1163
0.3645
0.4148
0.1552
0.3653
0.3394
0.1201
0.3444
0.3069
0.3641
0.4019
0.4032
0.1381
0.3599
0.3581
0.3456
0.3068
0.4068
0.2146
0.3149
0.2715
0.2162
0.379
0.186
0.2639
0.3509
0.3102
0.2153
0.1585
0.4165
0.3508
0.1613
0.3734
0.3593
0.4226
0.5017
0.3152
0.1331
0.381
0.3598
0.1524
0.2838
0.2846
0.3553
0.361
0.3442
0.1613
0.3885
0.1595
0.1652
0.3109
0.3219
0.3541
0.3114
0.2362
0.406
0.3665
0.2898
0.2916
0.1453
0.374
0.2867
0.3596
0.3595
0.3543
0.3707
0.3747
0.2944
0.3646
0.3106
0.3353
0.2881
0.3613
0.2729
0.3468
0.3584
0.1093
0.3398
0.403
0.4692
0.3436
0.3596
0.4032
0.3575
0.3622
0.3128
0.3435
0.4725
0.3116
0.2665
0.3191
0.3532
0.381
0.4372
0.3647
0.1777
0.3445
0.3449
0.3459
0.3736
0.3655
0.1285
0.2932
0.401
0.3639
0.1552
0.1166
0.3007
0.3098
0.3942
0.1263
0.3744
0.3183
0.3424
0.4076
0.3347
0.3686
0.3683
0.3802
0.3798
0.1068
0.1775
0.3424
0.3377
0.3465
0.356
0.1648
0.0636
0.2324
0.0669
0.3136
0.3113
0.0661
0.3922
0.2515
0.2108
0.4875
0.6055
0.1211
0.0797
0.3646
0.3326
0.1818
0.3609
0.373
0.5688
0.0288
0.3749
0.3628
0.1395
0.5075
0.1472
0.0791
0.2589
0.5442
0.1485
